> table(dtasub08, useNA="always")
dtasub08
   2    4    5    6    8   10   12   13   15   17   18   20   22   23   25   30 
   1    1    3    1    1    5    1    1    9    1    1    7    1    2   11   12 
  31   35   37   38   40   41   44   45   49   50   53   60   65   70   75   78 
   1    8    1    1    4    1    1    5    1    5    1    1    2    1    5    1 
  80   85   90   99  100 <NA> 
   1    2    1    1    1  419 
> table(dtasub06, useNA="always")
                  NATGUESS
immcond             0  1  2  3  4  5  6  7  8  9 10 11 12 13 14 15 16 17 18 20
  immig, info       0  1  4  4  1 16  1  1  2  1 23  0  5  1  1 14  0  2  3 26
  immig, no info    0  4  4  1  1 10  2  3  1  0 23  0  2  0  0 17  1  0  4 26
  illegal, info     1 15 13 10  9 37  3  2  5  3 29  0  3  1  1 11  2  2  1 10
  illegal, no info  1 21 15 11 12 23  1  7  3  1 21  1  6  3  2 14  0  0  2 16
  <NA>              0  0  0  0  0  0  0  0  0  0  0  0  0  0  0  0  0  0  0  0
                  NATGUESS
immcond            22 23 24 25 26 27 28 30 33 34 35 37 38 40 44 45 47 48 49 50
  immig, info       0  0  0 28  0  1  0 16  2  1  9  1  0 14  1  6  2  1  1 13
  immig, no info    1  0  1 20  1  0  1 17  3  1  9  0  1 15  0  5  0  1  0 17
  illegal, info     0  1  0 15  0  0  0  8  0  0  3  0  0  5  0  0  0  0  0  3
  illegal, no info  0  1  0 13  0  0  0 10  0  0  3  0  0  5  0  0  0  0  0  6
  <NA>              0  0  0  0  0  0  0  0  0  0  0  0  0  0  0  0  0  0  0  0
                  NATGUESS
immcond            52 55 60 62 65 70 75 80 85 90 95 98 99 100 <NA>
  immig, info       0  0  1  1  2  4  2  2  1  1  0  0  1   0   11
  immig, no info    0  0  4  0  0  3  5  0  0  1  1  0  0   0   18
  illegal, info     1  4  1  0  0  0  5  1  1  0  0  1  1   0   29
  illegal, no info  0  0  4  0  1  1  2  2  0  3  4  0  0   2   16
  <NA>              0  0  0  0  0  0  0  0  0  0  0  0  0   0    0
>